ARMA_MAT_TXT_FN008
32 32
  -1.359453119027e-01  -3.558090636425e-01   7.071067811865e-01  -4.405509394452e-01   6.682792937533e-17  -2.046881769562e-01  -1.626940574236e-01  -3.969060865562e-16  -1.450464567658e-01   6.347429460774e-17  -8.461543614880e-18  -4.246111874896e-17   3.215848137717e-17   1.983210930828e-01  -1.773900048076e-01   3.274290560906e-17  -8.927727264060e-19  -7.112112141621e-18   1.873267797470e-33   1.567743550263e-49  -0.000000000000e+00  -0.000000000000e+00  -0.000000000000e+00   6.086239550817e-34   2.196293645076e-34  -4.911097028180e-18  -9.986518448128e-19   4.138602980285e-18  -1.977440767013e-17   2.168404344971e-18  -5.742883382384e-18   2.510182585764e-02
  -1.330054308509e-02  -1.684487066310e-02   7.322309335187e-17   2.535118012395e-02   7.684658596486e-18   1.363764350438e-01   5.449674641641e-01   7.071067811865e-01  -3.344847127912e-01   3.780360541682e-18   4.181253283153e-18   1.203922326940e-16   3.799285607717e-18   1.983210930828e-01  -1.773900048076e-01   2.202285662861e-17  -5.498937893575e-17   3.315604592909e-18   7.093779268794e-33  -5.158122675863e-50  -0.000000000000e+00  -0.000000000000e+00  -0.000000000000e+00  -1.394970901064e-33   1.175494350822e-34   1.238150410649e-18  -3.924727161103e-18  -3.906854765916e-17   1.551552601133e-18   3.940397270627e-18  -4.510450444129e-18   2.510182585764e-02
   0.000000000000e+00   0.000000000000e+00  -0.000000000000e+00   0.000000000000e+00  -0.000000000000e+00  -0.000000000000e+00  -0.000000000000e+00  -0.000000000000e+00   0.000000000000e+00   0.000000000000e+00   0.000000000000e+00  -0.000000000000e+00  -0.000000000000e+00   0.000000000000e+00   0.000000000000e+00  -0.000000000000e+00  -0.000000000000e+00   0.000000000000e+00   0.000000000000e+00   1.000000000000e+00  -0.000000000000e+00  -0.000000000000e+00  -0.000000000000e+00   2.220446049250e-16   0.000000000000e+00  -0.000000000000e+00   0.000000000000e+00   0.000000000000e+00  -0.000000000000e+00   0.000000000000e+00  -0.000000000000e+00  -0.000000000000e+00
  -2.423044148631e-02  -3.216688249373e-02   1.771487157091e-17   5.379813436264e-02   2.087839263185e-17   8.172722020381e-01  -4.638720159202e-01  -1.166804825502e-15  -2.023468984404e-01   4.025689358473e-17   3.898083656348e-18   9.261350814775e-17  -2.052610615141e-17   1.983210930828e-01  -1.773900048076e-01  -1.138412281110e-17   1.701612958069e-16  -1.135850006444e-17  -3.845841357698e-33   2.453410075096e-49  -0.000000000000e+00  -0.000000000000e+00  -0.000000000000e+00   3.479557317982e-33  -3.430562713440e-34  -1.850555231514e-18  -2.889652899558e-18   3.676377100968e-17  -1.779806804594e-17   1.539228271751e-17   1.448426339805e-17   2.510182585764e-02
   8.906892888704e-01   2.348052584578e-01  -4.277635117602e-17  -1.336120010880e-01   1.509465105415e-18  -1.559394449388e-01  -1.399738663646e-01  -3.897029183728e-17  -1.354568170151e-01   2.598977592009e-18  -1.791628265675e-18   7.121145673046e-17   8.815822824795e-19   1.983210930828e-01  -1.773900048076e-01  -9.053088140254e-18  -9.096456227153e-17   1.901588966586e-19   1.254111413005e-33  -1.439325558333e-49  -0.000000000000e+00  -0.000000000000e+00  -0.000000000000e+00  -3.758290538449e-34   1.899598870929e-35   3.324604317973e-18   2.446231151670e-18   1.025926305714e-17   7.631766854761e-18  -2.691531893195e-17   3.981054852095e-18   2.510182585764e-02
  -5.652003830011e-03  -6.934938425593e-03  -1.147186295752e-17   9.802041291043e-03  -6.826453351774e-19   3.897141524438e-02   7.242603926034e-02   4.636141663172e-16   3.487563729462e-01   1.198306593289e-01   7.239431299243e-01  -4.941399076105e-01  -1.318055743390e-01   1.983210930828e-01  -1.773900048076e-01   1.185642838249e-16   2.301557924279e-17  -2.573974308028e-18   3.547985937288e-19   1.140013794136e-35  -0.000000000000e+00  -0.000000000000e+00  -0.000000000000e+00   1.276198870089e-19   1.228051299005e-19   2.000257717029e-17  -1.490269767399e-17  -2.907525294745e-17   4.545125855407e-17  -1.178222829631e-17   1.359106715517e-17   2.510182585764e-02
   0.000000000000e+00   0.000000000000e+00  -0.000000000000e+00   0.000000000000e+00  -0.000000000000e+00  -0.000000000000e+00  -0.000000000000e+00  -0.000000000000e+00   0.000000000000e+00   0.000000000000e+00   0.000000000000e+00  -0.000000000000e+00  -0.000000000000e+00   0.000000000000e+00   0.000000000000e+00  -0.000000000000e+00  -1.387778780781e-17   0.000000000000e+00  -2.867493520620e-02   1.797799426525e-17  -0.000000000000e+00  -0.000000000000e+00  -0.000000000000e+00  -1.083128929740e-01   9.937032078576e-01  -8.326672684689e-17  -2.775557561563e-17   0.000000000000e+00   5.551115123126e-17   0.000000000000e+00  -0.000000000000e+00  -0.000000000000e+00
   0.000000000000e+00   0.000000000000e+00  -0.000000000000e+00   0.000000000000e+00  -0.000000000000e+00  -0.000000000000e+00  -0.000000000000e+00  -0.000000000000e+00   0.000000000000e+00   0.000000000000e+00   0.000000000000e+00  -0.000000000000e+00  -0.000000000000e+00   0.000000000000e+00   0.000000000000e+00  -8.673617379884e-19  -0.000000000000e+00  -5.551115123126e-17  -6.124397589181e-02  -3.060401541269e-16  -0.000000000000e+00  -0.000000000000e+00  -0.000000000000e+00   9.924347107112e-01   1.064073324191e-01  -6.245004513517e-17   0.000000000000e+00   0.000000000000e+00  -0.000000000000e+00   0.000000000000e+00  -0.000000000000e+00  -0.000000000000e+00
  -7.072736420791e-02  -1.181199307787e-01   1.341896505834e-16   5.258472376465e-01  -7.071067811865e-01  -2.729505329837e-01  -1.869732657081e-01  -1.585950609121e-16  -1.537544717737e-01   5.042110456640e-19  -3.031323064229e-18   5.528489508474e-17   1.623397546952e-17   1.983210930828e-01  -1.773900048076e-01   3.190942518896e-17  -4.353410535708e-17   3.080023554453e-18  -3.800702374627e-33   1.220701757437e-49  -0.000000000000e+00  -0.000000000000e+00  -0.000000000000e+00  -1.437629591056e-34  -4.383183335346e-34   4.432946929455e-18  -4.479957258028e-18   8.075612119122e-18   9.399948132155e-18  -1.440972449869e-17   9.593495160602e-18   2.510182585764e-02
  -5.652003830011e-03  -6.934938425593e-03  -1.147186295752e-17   9.802041291043e-03  -1.550007073166e-18   3.897141524438e-02   7.242603926034e-02   4.636141663172e-16   3.487563729462e-01   1.198306593289e-01  -6.831628433897e-01  -4.941399076105e-01  -2.734134126250e-01   1.983210930828e-01  -1.773900048076e-01   2.018310106718e-16  -3.249557198846e-17   1.564062218973e-17  -3.348125095790e-19  -1.075795919476e-35  -0.000000000000e+00  -0.000000000000e+00  -0.000000000000e+00  -1.204309582870e-19  -1.158874202376e-19  -2.856968015706e-17   1.111815446566e-17   8.194704951506e-17  -1.699878658109e-17  -9.504895514319e-17  -1.113090231152e-16   2.510182585764e-02
   0.000000000000e+00   0.000000000000e+00  -0.000000000000e+00   0.000000000000e+00  -0.000000000000e+00  -0.000000000000e+00  -0.000000000000e+00  -0.000000000000e+00   0.000000000000e+00   0.000000000000e+00   0.000000000000e+00  -0.000000000000e+00  -0.000000000000e+00   0.000000000000e+00   0.000000000000e+00  -0.000000000000e+00   1.387778780781e-17  -1.214306433184e-17   9.977108416309e-01  -2.097344727098e-17  -0.000000000000e+00  -0.000000000000e+00  -0.000000000000e+00   5.780711194306e-02   3.509151323210e-02   6.505213034913e-18   1.387778780781e-17   0.000000000000e+00  -1.110223024625e-16   0.000000000000e+00  -0.000000000000e+00  -0.000000000000e+00
   0.000000000000e+00   0.000000000000e+00  -0.000000000000e+00   0.000000000000e+00  -0.000000000000e+00  -0.000000000000e+00  -0.000000000000e+00  -0.000000000000e+00   0.000000000000e+00   0.000000000000e+00   0.000000000000e+00  -0.000000000000e+00  -0.000000000000e+00   0.000000000000e+00   0.000000000000e+00   1.359775490556e-03   8.171669919690e-02   9.578788224263e-01  -3.794863665859e-17  -1.640600577374e-32  -0.000000000000e+00  -0.000000000000e+00  -0.000000000000e+00   1.105081841238e-16   1.059646237883e-16  -8.903559498247e-02   1.773694230688e-01   8.118100471160e-02   1.722961122556e-01   0.000000000000e+00  -1.118652725875e-02  -0.000000000000e+00
  -5.652003830011e-03  -6.934938425593e-03   2.365628743101e-17   9.802041291043e-03  -1.734829807989e-17   3.897141524438e-02   7.242603926034e-02   4.358585907016e-16   3.487563729462e-01   7.166340454818e-01  -1.873374683089e-02   5.014306436416e-01   1.861504799972e-01   1.983210930828e-01  -1.773900048076e-01  -6.335806445462e-18  -8.800672321972e-17   3.497557857891e-18  -9.181255759107e-21  -2.950056284845e-37  -0.000000000000e+00  -0.000000000000e+00  -0.000000000000e+00  -3.302467493628e-21  -3.177874225195e-21   7.642672403957e-18   3.475376182584e-17   9.929428427483e-17  -1.960087179506e-17  -9.504895514319e-17   1.593078391372e-16   2.510182585764e-02
  -5.652003830011e-03  -6.934938425593e-03  -2.166336337889e-17   9.802041291043e-03   8.071512179193e-18   3.897141524438e-02   7.242603926034e-02   4.378508121935e-16   3.487563729462e-01  -4.628758241522e-01  -7.660107028888e-02  -2.275933098286e-02   7.611571850145e-01   1.983210930828e-01  -1.773900048076e-01  -1.208275558599e-16   1.574803655535e-17   1.213030589807e-17  -3.754155664056e-20  -1.206258795276e-36  -0.000000000000e+00  -0.000000000000e+00  -0.000000000000e+00  -1.350357442587e-20  -1.299412066846e-20   7.638754876576e-18   2.862304323274e-17  -7.764751027480e-17  -2.889578784175e-17   9.586210677256e-17   1.291975119282e-16   2.510182585764e-02
   0.000000000000e+00   0.000000000000e+00  -0.000000000000e+00   0.000000000000e+00  -0.000000000000e+00  -0.000000000000e+00  -0.000000000000e+00  -0.000000000000e+00   0.000000000000e+00   0.000000000000e+00  -3.834343451675e-17  -0.000000000000e+00  -5.442694905877e-17   0.000000000000e+00   0.000000000000e+00  -5.082628117263e-03  -9.734059987775e-03   1.659850210718e-01   3.592842360370e-17  -7.212680845992e-32  -0.000000000000e+00  -0.000000000000e+00  -0.000000000000e+00   3.669026018045e-18   9.600031590576e-17   9.364542211521e-01  -1.238240078497e-01  -1.634904403548e-01  -2.269452299517e-01   0.000000000000e+00   4.261728556133e-02  -0.000000000000e+00
   0.000000000000e+00   0.000000000000e+00  -0.000000000000e+00   0.000000000000e+00  -0.000000000000e+00  -0.000000000000e+00  -0.000000000000e+00  -0.000000000000e+00   0.000000000000e+00  -1.110223024625e-16   2.712453606992e-17  -3.469446951954e-18  -8.882429832471e-17  -5.670377362099e-17  -9.237402509576e-17  -3.498492981578e-02   8.043811822732e-03  -7.968037385708e-02  -4.080664995182e-17   1.044419354438e-32  -0.000000000000e+00  -0.000000000000e+00  -0.000000000000e+00   1.426592915004e-17  -5.397476977619e-17   6.998416449941e-03   8.953318843889e-01  -1.314578346180e-01  -4.134900302015e-01   8.410072889982e-04   4.937969330873e-02  -2.042636892963e-16
  -7.072736420791e-02  -1.181199307787e-01   4.051458288064e-17   5.258472376465e-01   7.071067811865e-01  -2.729505329837e-01  -1.869732657081e-01  -1.585950609121e-16  -1.537544717737e-01   1.440232764421e-17  -4.599181049596e-18   6.872900202356e-17   2.876546399397e-17   1.983210930828e-01  -1.773900048076e-01   3.190942518896e-17   1.197704587418e-17   1.345300078477e-18  -9.963678196666e-33   3.654170502079e-50  -0.000000000000e+00  -0.000000000000e+00  -0.000000000000e+00  -1.299320925738e-33   3.320536442203e-34   4.432946929455e-18   9.397830549786e-18   8.075612119122e-18   2.461054228247e-18   4.110142673257e-17   9.593495160602e-18   2.510182585764e-02
  -5.652003830011e-03  -6.934938425593e-03   1.001331981727e-16   9.802041291043e-03  -3.828687975786e-18   3.897141524438e-02   7.242603926034e-02   4.081030150860e-16   3.487563729462e-01  -4.934195399874e-01   5.455453058510e-02   5.096085025623e-01  -5.420886780477e-01   1.983210930828e-01  -1.773900048076e-01   1.046864960171e-16  -7.412893541191e-17  -3.206427339963e-17   2.673672824983e-20   8.590856771616e-37  -0.000000000000e+00  -0.000000000000e+00  -0.000000000000e+00   9.617113197587e-21   9.254285230757e-21   4.390065886501e-18  -3.745410286169e-17   1.602755742795e-17   4.284917334011e-17   4.372892293495e-17  -2.110340236437e-17   2.510182585764e-02
   0.000000000000e+00   0.000000000000e+00  -0.000000000000e+00   0.000000000000e+00   4.675621868844e-19  -0.000000000000e+00  -2.465190328816e-32  -4.930380657631e-32   0.000000000000e+00   8.673617379884e-17   1.301709645429e-17   1.110223024625e-16   7.080390757745e-17   5.226624392304e-04   8.503517752959e-04   1.157764744079e-02  -8.134573690480e-03  -1.904983864178e-01   3.468717401515e-17   4.327184713813e-33  -0.000000000000e+00  -0.000000000000e+00  -0.000000000000e+00   5.211506610247e-17  -3.084193645857e-17   2.837647884905e-01   3.684195047315e-01  -3.066644237735e-02   8.403850817214e-01   1.890149514201e-01  -6.584881535057e-02   1.879899873180e-03
   0.000000000000e+00   0.000000000000e+00  -0.000000000000e+00   0.000000000000e+00   2.764715539838e-18  -0.000000000000e+00  -0.000000000000e+00  -0.000000000000e+00  -4.930380657631e-32   6.938893903907e-18  -1.925570586905e-18  -1.665334536938e-16  -2.367804371084e-16   3.815023108207e-03   6.206896515532e-03  -4.105359172269e-01  -2.370003753850e-03   2.866569108533e-03   7.442992768119e-17   3.214599394622e-33  -0.000000000000e+00  -0.000000000000e+00  -0.000000000000e+00   2.013131920007e-18  -2.340981894966e-18  -4.074220090255e-02  -3.034142057007e-02  -1.159462053525e-01   1.113058546701e-01  -5.405339325507e-02   8.943546529823e-01   1.372178469120e-02
  -1.359453119027e-01  -3.558090636425e-01  -7.071067811865e-01  -4.405509394452e-01  -2.863419863334e-17  -2.046881769562e-01  -1.626940574236e-01  -3.493028349205e-16  -1.450464567658e-01   1.145564603107e-17   7.229659944188e-18   1.275042340888e-16  -3.987879592430e-17   1.983210930828e-01  -1.773900048076e-01  -3.664603343001e-17  -3.890083513560e-17   4.025312323589e-18   4.739593222515e-34  -7.441979239663e-50  -0.000000000000e+00  -0.000000000000e+00  -0.000000000000e+00  -1.136938136115e-34  -6.050974720293e-34   4.467675280293e-18  -1.246832498358e-18   4.138602980285e-18   2.543301127426e-17  -3.818424526222e-17  -3.420657854192e-17   2.510182585764e-02
  -1.387778780781e-17   5.551115123126e-17  -5.124649259131e-17   5.551115123126e-17  -7.068080845661e-17  -5.551115123126e-17  -0.000000000000e+00   5.551115123126e-17  -2.775557561563e-17  -1.401317607556e-16   3.432250684874e-17  -4.244114854690e-17   1.014200397194e-16  -3.129533650064e-02  -4.512012004550e-02  -1.323271494838e-01   1.261854280821e-01  -8.662633071673e-02  -1.043958365195e-16   1.963313887101e-33  -0.000000000000e+00  -0.000000000000e+00  -0.000000000000e+00   2.438048867624e-17  -3.900774209607e-18   1.797769356048e-01   1.084143323607e-01   8.760027844441e-01  -5.725258887344e-03  -3.706671549183e-01   4.515979500859e-02  -7.160168263385e-02
  -2.775557561563e-17   2.220446049250e-16   1.112549801563e-16   2.220446049250e-16   6.078844771701e-17  -4.163336342344e-17  -1.110223024625e-16  -1.665334536938e-16   2.220446049250e-16   5.409610607647e-17  -5.728315028206e-17   4.759736667663e-17  -1.087166280436e-16   1.092317903432e-01   1.330753658795e-01  -4.623097474204e-01   8.065024091817e-01  -5.112853127394e-02   7.389392105431e-17  -3.282558463974e-34  -0.000000000000e+00  -0.000000000000e+00  -0.000000000000e+00   1.276039536534e-17  -2.975811349592e-20  -8.286476665187e-03  -3.825376636630e-02  -1.816566028073e-01   1.031336878351e-02  -6.308873508303e-02  -2.428125574894e-01   7.741555311206e-02
   5.551115123126e-17  -5.551115123126e-17   1.200437943436e-17  -5.551115123126e-17   4.617610369016e-17  -0.000000000000e+00   3.122502256758e-17  -0.000000000000e+00   1.110223024625e-16   8.607642354492e-17  -2.886101886219e-17  -3.644357658813e-17  -1.366162073322e-16   9.113524550850e-02   1.186811257838e-01  -3.205465344633e-01  -9.318818233016e-02   1.541698607162e-02  -2.736241434072e-17  -4.963231462771e-34  -0.000000000000e+00  -0.000000000000e+00  -0.000000000000e+00  -1.931833856711e-18   5.587560163280e-18   1.240734990997e-02  -3.364873880980e-02   3.433195436651e-01  -1.620074826311e-01   8.397530823860e-01  -3.562183377661e-02   1.186688164693e-01
  -3.982523898427e-01   8.135840463324e-01  -3.799872695959e-16  -1.904912963802e-01  -9.164002782267e-18  -1.736652835290e-01  -1.488845960819e-01  -1.665334536938e-16  -1.394068666142e-01   4.853578962508e-17   4.892669292638e-18   1.417794965047e-17  -1.906403940264e-18   1.983210930828e-01  -1.773900048076e-01  -8.056977394283e-18   6.761864017931e-17   1.113001292692e-18   1.907874351159e-33   1.096251150624e-50  -0.000000000000e+00  -0.000000000000e+00  -0.000000000000e+00   7.164873167132e-34  -1.667321187206e-34   8.948903087742e-19   1.626303258728e-19   7.142181811248e-18  -5.105914606049e-18  -2.229390717173e-18   5.126243396783e-18   2.510182585764e-02
   0.000000000000e+00   0.000000000000e+00  -2.754731903495e-16  -9.020562075079e-17   7.052541409213e-17  -1.110223024625e-16  -0.000000000000e+00  -8.326672684689e-17  -5.551115123126e-17  -7.106351020257e-18   4.693178071170e-17   3.965736693378e-17   1.317832680746e-17  -2.915679946969e-01  -2.831814879428e-01   5.620227308086e-01   5.088324096219e-01  -3.940154267601e-02  -4.960364729118e-17   1.566543546044e-33  -0.000000000000e+00  -0.000000000000e+00  -0.000000000000e+00   5.809582571503e-18  -1.820806737396e-18   8.254972955635e-03  -7.728816674540e-03   1.023267950534e-01  -4.369929414859e-02   2.623737212421e-01   2.927054728588e-01   3.023890752687e-01
   0.000000000000e+00   1.110223024625e-16  -1.847055012319e-16  -1.110223024625e-16  -8.423852924445e-17  -5.551115123126e-17   1.387778780781e-17  -1.110223024625e-16   1.110223024625e-16  -4.185615310571e-17   1.520993310437e-17  -1.761713565695e-17  -1.955654419917e-16  -3.946448103321e-01  -3.429287981508e-01  -3.544906218913e-01  -2.381478159612e-01   1.779978158574e-02   3.012049061415e-17  -9.063397315094e-34  -0.000000000000e+00  -0.000000000000e+00  -0.000000000000e+00  -2.083975088981e-18   1.059484580139e-18  -1.368449770835e-03   3.763786767913e-03  -4.754461612185e-02   2.239390236050e-02  -1.529734528125e-01  -1.881337425306e-01   6.945410708674e-01
  -6.938893903907e-17   0.000000000000e+00   2.112501429854e-16   0.000000000000e+00  -1.330984127570e-16  -1.665334536938e-16  -0.000000000000e+00  -8.326672684689e-17   5.551115123126e-17  -1.244471692077e-17  -2.701190292823e-17   9.177538450717e-17  -2.189090150324e-16   4.328678228110e-01   5.725362473153e-01   2.335606614414e-01  -4.912635852667e-02  -6.713774627366e-03  -2.708219322574e-17   5.245881614728e-34  -0.000000000000e+00  -0.000000000000e+00  -0.000000000000e+00   8.819148777814e-19  -1.653546868704e-18   1.680543728401e-02   2.262365894687e-02   6.352820328540e-02   2.007846105992e-02  -1.501680959917e-01   8.987159480251e-02   6.260655289636e-01
  -1.330054308509e-02  -1.684487066310e-02   1.544995373290e-17   2.535118012395e-02   5.378139526582e-19   1.363764350438e-01   5.449674641641e-01  -7.071067811865e-01  -3.344847127912e-01   1.108312387404e-17  -0.000000000000e+00   6.458570944045e-17  -7.290054165301e-42   1.983210930828e-01  -1.773900048076e-01   0.000000000000e+00   0.000000000000e+00  -0.000000000000e+00  -0.000000000000e+00   0.000000000000e+00   0.000000000000e+00   0.000000000000e+00   0.000000000000e+00  -0.000000000000e+00  -0.000000000000e+00   0.000000000000e+00  -0.000000000000e+00  -0.000000000000e+00   0.000000000000e+00   5.126334396147e-39   0.000000000000e+00   2.510182585764e-02
  -0.000000000000e+00  -0.000000000000e+00   0.000000000000e+00  -0.000000000000e+00   0.000000000000e+00   0.000000000000e+00   0.000000000000e+00   0.000000000000e+00  -0.000000000000e+00  -0.000000000000e+00  -0.000000000000e+00   0.000000000000e+00   0.000000000000e+00  -0.000000000000e+00  -0.000000000000e+00   0.000000000000e+00   0.000000000000e+00  -0.000000000000e+00  -0.000000000000e+00   0.000000000000e+00   0.000000000000e+00   0.000000000000e+00   1.000000000000e+00  -0.000000000000e+00  -0.000000000000e+00   0.000000000000e+00  -0.000000000000e+00  -0.000000000000e+00   0.000000000000e+00  -0.000000000000e+00   0.000000000000e+00   0.000000000000e+00
  -0.000000000000e+00  -0.000000000000e+00   0.000000000000e+00  -0.000000000000e+00   0.000000000000e+00   0.000000000000e+00   0.000000000000e+00   0.000000000000e+00  -0.000000000000e+00  -0.000000000000e+00  -0.000000000000e+00   0.000000000000e+00   0.000000000000e+00  -0.000000000000e+00  -0.000000000000e+00   0.000000000000e+00   0.000000000000e+00  -0.000000000000e+00  -0.000000000000e+00   0.000000000000e+00   0.000000000000e+00   1.000000000000e+00   0.000000000000e+00  -0.000000000000e+00  -0.000000000000e+00   0.000000000000e+00  -0.000000000000e+00  -0.000000000000e+00   0.000000000000e+00  -0.000000000000e+00   0.000000000000e+00   0.000000000000e+00
  -0.000000000000e+00  -0.000000000000e+00   0.000000000000e+00  -0.000000000000e+00   0.000000000000e+00   0.000000000000e+00   0.000000000000e+00   0.000000000000e+00  -0.000000000000e+00  -0.000000000000e+00  -0.000000000000e+00   0.000000000000e+00   0.000000000000e+00  -0.000000000000e+00  -0.000000000000e+00   0.000000000000e+00   0.000000000000e+00  -0.000000000000e+00  -0.000000000000e+00   0.000000000000e+00   1.000000000000e+00   0.000000000000e+00   0.000000000000e+00  -0.000000000000e+00  -0.000000000000e+00   0.000000000000e+00  -0.000000000000e+00  -0.000000000000e+00   0.000000000000e+00  -0.000000000000e+00   0.000000000000e+00   0.000000000000e+00
